54600591
156657566
44906318
44518824
66895247
80040064
69714081
55817276
70275471
46555292
38542867
93573166
38335442
84174591
185936538
49066600
54454088
117958182
226664858
44373310
46698669
73398469
46081923
64438830
226665148
226660582
64113697
226673377
68699415
46386800
60371968
56303358
218619061
45229464
67423656
83468388
44721197
167889058
62258243
43909783
226645736
63554137
217183087
63805047
226647272
50703810
81397932
226669737
80648009
226671520
77955309
73629375
226679912
73369818
226651735
45369120
75515735
226681903
45725035
65908792
37144552
36017791
214206435
226664073
204897198
59668908
226676330
79562109
226661320
226657189
68917379
37249890
39256839
52297026
49882208
52888645
37433613
69922269
226666720
45895458
66558275
138796724
85596966
51532108
52425178
58855827
73892184
68649749
211932094
134701816
49188192
226660039
195019047
226641903
44775134
215378017
98623152
40966545
65648379
56133718
172691481
42367123
226665951
60866775
226653645
60525215
51772008
56850992
43411335
226683613
79496866
226651897
226679768
226684743
74072286
39380894
226667328
55615462
226652423
226679136
63105880
79295502
83696656
191769011
44195242
41106315
43028981
226673315
76311121
76238433
226675675
43940602
70591717
91455181
67933151
172334663
59017899
53362795
66937675
46138275
39978971
38633525
70663942
68327165
59057476
226664919
64596955
68183764
157283203
226671147
43367777
72191992
65718318
82191531
183128772
55453534
226676422
225881885
62248600
85982148
40045038
37529579
46390806
226641536
59643620
226677999
49601058
216936064
201883147
44016635
221003586
226649748
171731447
226616157
51966953
57578014
226691680
61466187
212611494
39028654
179705072
81894956
66573297
226636380
54475432
226651910
226670928
226643793
64090647
212437745
78821056
59302655
221979297
45802125
57372125
226652134
39315675
43489194
226691631
61973361
226670594
62406502
38086266
39885273
226646788
211936733
53283611
72939771
51056240
58546056
226647553
40000520
59795300
50826955
48447944
53346534
226649990
226659831
49253539
226637517
226682677
60309060
226677697
71301471
46189548
68735781
81891452
57739127
226672734
69296976
43823945
226641110
72280916
181564211
222134681
36924801
226672677
55942514
208445506
82553446
219868299
70686479
65002706
226658637
48660041
115340350
79502475
51003893
219959828
59346184
80921356
46213671
226689858
190013519
67162943
35489187
35242685
226650447
60123552
35449860
60757726
46487336
226664821
226674692
62769108
226656885
61775466
202286100
45128088
59439460
69293419
66237637
226689499
226655293
37827039
69032044
59968304
77187819
226688339
226648864